$ 1 0.000005 222.68277840103303 91 5 43 5e-11
f 240 240 288 240 32 1.5 0.02
w 288 192 288 224 0
w 288 256 288 320 0
g 288 368 288 400 0 0
s 384 240 384 256 0 1 true
w 384 256 384 304 0
R 592 128 656 128 0 0 40 0.1 1 0 0.5
w 128 272 128 240 0
w 128 304 128 368 0
g 128 368 128 400 0 0
w 288 192 288 128 0
r 496 128 336 128 0 100000
f 96 288 128 288 33 1.5 0.02
w 384 240 384 224 0
g 384 352 384 400 0 0
w 672 192 672 448 0
w -128 288 -128 240 0
w 0 240 128 240 0
w 0 240 -128 240 0
w 672 448 16 448 0
w 16 448 -128 448 0
w -128 288 -128 448 0
r 592 192 528 192 0 1000
w 96 288 64 288 0
w 64 288 48 288 0
w 48 288 32 288 0
g -32 384 -32 400 0 0
w 592 192 672 192 0
w 384 224 384 192 0
w 528 192 480 192 0
w 480 192 384 192 0
c -32 288 -32 384 0 0.000049999999999999996 2.5286596468805875 0.001
w 32 288 -32 288 0
w -32 288 -96 288 0
w -96 288 -128 288 0
368 240 240 240 288 0 0
w 240 240 240 192 0
r 240 192 240 128 0 10000
w 240 128 240 96 0
R 240 96 240 64 0 0 40 3.3 0 0 0.5
368 336 112 336 64 0 0
w 592 128 496 128 0
w 336 112 336 128 0
w 288 128 336 128 0
w 288 320 288 368 0
w 384 304 384 352 0
w 128 240 240 240 0
